/*--------------------------------*- C++ -*----------------------------------*\
| =========                 |                                                 |
| \\      /  F ield         | OpenFOAM: The Open Source CFD Toolbox           |
|  \\    /   O peration     | Version:  2206                                  |
|   \\  /    A nd           | Website:  www.openfoam.com                      |
|    \\/     M anipulation  |                                                 |
\*---------------------------------------------------------------------------*/
FoamFile
{
    version     2.0;
    format      ascii;
    arch        "LSB;label=32;scalar=64";
    note        "nPoints:1840  nCells:1668  nFaces:5921  nInternalFaces:2419";
    class       labelList;
    location    "0.01/polyMesh";
    object      neighbour;
}
// * * * * * * * * * * * * * * * * * * * * * * * * * * * * * * * * * * * * * //


2419
(
31
38
3
40
1081
5
47
1164
957
971
6
87
718
1118
71
864
20
96
980
14
17
225
18
128
696
15
85
1169
20
44
83
21
60
356
24
95
104
388
1130
254
1180
39
150
747
302
1099
265
1183
57
72
693
1248
88
1093
50
52
1233
46
77
886
25
403
26
919
28
508
59
94
893
30
875
32
36
341
48
202
115
1266
33
984
34
397
37
872
67
160
611
49
175
45
171
95
554
1096
1182
54
253
51
1227
45
168
1051
55
92
1164
1221
1244
453
1229
92
570
49
219
201
113
779
1178
1189
77
1157
58
1167
1214
1146
1197
1168
1214
73
210
745
1160
1220
1108
1210
1186
1216
1150
1222
91
1259
63
377
1117
144
1146
84
1111
1282
70
997
1297
68
1188
1217
1191
1218
1195
1215
103
1141
1184
155
1130
1075
1284
1155
1226
157
1151
78
1102
86
1087
1128
113
1121
1159
1158
700
1096
80
99
989
106
431
82
318
1290
951
1132
115
1193
1140
1203
113
538
139
1200
1222
1225
101
359
90
254
1252
265
1254
1175
1224
622
126
259
1179
1231
197
951
1089
98
99
298
102
228
296
110
179
426
228
1110
148
339
1194
1298
981
1163
108
110
459
126
154
365
428
142
221
111
167
275
1080
114
304
116
233
536
135
371
288
119
788
119
120
412
175
219
1046
362
123
917
168
171
139
253
1081
134
392
141
181
994
162
185
590
1153
187
189
367
1226
1230
158
164
737
142
248
600
166
216
666
191
195
858
193
196
800
138
924
174
358
163
178
854
159
174
745
151
326
1272
141
165
266
1032
648
201
202
253
1087
240
992
1017
149
182
853
206
207
463
1103
1110
183
813
1228
1231
152
941
177
381
304
567
1232
1095
1145
225
1201
170
320
483
174
304
166
393
223
241
1220
1235
215
232
1088
164
639
220
241
781
213
818
639
330
567
333
220
223
436
278
1069
398
192
199
909
198
206
269
1056
1072
1136
1261
180
937
207
269
233
362
217
319
216
393
213
268
199
761
239
245
616
214
280
205
240
1053
195
1003
190
204
401
193
501
235
366
212
829
211
815
848
256
469
626
848
198
892
288
1194
501
1037
257
274
729
512
534
242
264
850
208
873
278
585
471
424
226
775
218
255
855
1190
1246
218
766
214
1003
765
781
1064
1085
999
224
978
680
847
424
232
1112
227
234
612
358
262
343
273
231
901
258
821
277
235
467
1071
250
251
839
287
293
248
1057
238
250
734
257
856
1147
243
267
840
247
347
660
1039
1104
787
255
766
271
825
249
252
586
247
612
249
758
1170
320
1034
603
772
347
351
261
598
697
1052
264
1052
1059
267
774
470
1149
316
634
722
276
762
263
1006
279
503
987
692
268
759
673
828
916
303
1079
1109
316
773
281
749
1129
1098
1202
286
819
289
352
306
727
296
547
1043
384
543
545
327
369
294
315
607
294
754
1235
293
389
509
290
336
530
310
454
342
421
1244
396
455
324
767
309
314
1189
301
327
375
944
557
301
404
593
976
329
435
443
431
478
323
432
479
374
847
1012
832
305
499
459
1112
317
413
363
662
360
364
465
331
363
489
670
1257
402
822
312
314
323
344
670
318
1131
1212
340
378
494
1036
325
406
1204
334
408
1039
322
388
1156
372
416
1292
1187
1245
394
442
346
440
708
373
495
938
926
955
332
455
490
719
1276
1277
343
383
336
423
441
1268
339
1278
340
1279
478
479
512
555
509
676
361
1204
1208
362
368
475
381
399
483
411
576
584
353
451
572
372
376
1094
949
985
371
905
391
571
429
558
620
369
375
633
357
422
359
618
461
547
925
986
503
574
706
514
527
401
1058
1058
1137
415
515
412
417
480
391
546
1255
579
835
807
1045
998
1046
617
453
872
670
1288
537
581
387
926
1054
519
1158
1246
408
439
448
1091
425
466
396
905
408
425
445
497
626
879
443
462
413
806
444
592
1230
763
440
458
1021
452
645
428
448
450
398
555
445
460
422
1075
1222
450
410
618
554
605
559
584
440
460
464
430
662
421
425
667
458
464
467
547
904
542
642
458
452
447
728
738
427
506
452
640
467
481
438
468
517
438
484
548
456
838
950
771
856
733
1281
449
475
511
471
501
1152
532
651
499
727
1293
437
552
1252
475
481
1078
485
878
498
525
531
741
878
470
561
484
517
490
672
486
491
589
771
499
520
1258
454
729
923
487
498
775
551
668
1138
723
983
1018
520
533
1217
511
871
525
579
518
588
487
496
734
476
659
505
574
602
650
588
1054
473
494
546
571
496
507
504
510
706
504
608
1193
1248
523
669
1123
522
535
551
585
880
548
643
641
643
802
529
535
668
504
569
662
601
675
529
566
1228
510
539
556
754
728
811
859
588
614
903
522
583
724
538
568
658
667
507
536
788
534
605
659
1125
569
608
736
608
731
521
543
539
580
681
530
641
715
745
787
595
536
541
562
657
677
565
573
1295
849
1074
1083
1154
634
713
560
563
565
744
915
568
702
609
852
758
1215
564
571
604
779
834
563
580
705
545
1057
559
619
1003
549
1185
1218
582
549
965
611
552
624
625
721
1254
557
587
636
586
762
653
562
721
671
717
1203
806
739
594
597
724
577
763
1182
1224
1180
830
610
621
604
646
716
1289
589
653
1155
577
716
705
610
684
712
964
714
599
656
590
648
650
679
799
949
681
589
623
600
628
654
1205
624
1183
617
629
603
681
598
727
787
854
1236
709
744
758
607
682
631
624
655
724
915
717
720
750
842
1157
636
680
703
792
754
673
636
664
665
715
868
651
703
805
627
770
711
819
678
710
793
1027
622
647
661
665
675
725
741
1011
673
778
743
1243
671
1044
642
710
714
638
639
744
784
1179
674
677
986
661
1090
1214
644
1033
1064
666
1034
889
939
891
705
1029
666
777
882
889
721
793
669
684
1080
657
730
760
940
739
1079
1082
1144
1160
716
799
725
755
720
795
684
800
824
683
671
678
749
783
798
1270
682
732
816
676
763
749
882
899
711
1043
753
746
770
739
863
909
846
834
925
690
693
692
696
697
1169
691
696
1072
1119
701
1220
698
1226
699
698
1168
1207
1073
1294
699
747
1191
800
843
855
707
752
885
762
735
1061
743
1070
767
915
817
1069
760
857
850
865
867
934
1287
792
798
830
899
827
831
850
894
898
844
1092
1100
1198
956
1016
746
776
865
877
786
794
880
942
873
900
1127
877
928
751
862
894
896
777
839
985
826
752
992
1084
832
1068
748
837
854
916
756
757
809
755
812
769
769
804
781
829
801
994
810
815
825
942
1200
1213
813
821
831
784
786
801
851
845
785
901
818
821
815
831
813
825
944
809
1014
999
840
841
842
881
948
966
818
839
1032
888
1234
1186
817
841
861
917
1111
1120
1076
1209
837
893
890
827
796
816
820
846
808
851
838
876
913
995
832
803
924
941
828
874
808
812
863
977
923
922
930
862
810
897
896
936
816
876
911
950
902
856
884
927
898
963
828
853
933
842
892
843
858
927
845
920
913
921
1012
867
939
970
893
935
1231
1055
1036
962
848
845
858
861
875
937
978
1041
958
1027
1037
1015
890
946
917
924
1113
1265
874
1021
955
1077
987
870
876
959
902
911
912
935
957
945
1005
873
901
970
884
921
908
940
912
914
979
961
1048
1040
957
1197
933
897
930
1233
888
1059
1116
982
943
993
960
1009
916
1001
936
938
1082
906
946
953
931
930
938
952
937
941
963
976
1006
991
1083
951
954
1212
914
1011
958
997
1201
945
1007
990
973
1202
1260
921
981
928
947
946
1008
944
952
977
1023
973
1190
1196
947
1022
997
1019
1030
945
960
1216
1126
1067
955
974
1024
1050
983
954
972
1104
1007
962
1004
1101
980
1016
1045
1031
990
1219
1010
980
1221
1020
1148
978
1006
979
1025
1000
1026
976
989
1100
1150
1211
1199
1223
984
1216
1245
974
1291
988
1000
1019
1162
1015
1000
990
995
1042
988
1056
1033
1020
1011
1007
1153
1001
1139
1014
995
1008
1041
1002
1164
1207
1024
1028
1032
1004
1115
1209
1145
1010
1141
1047
1013
1029
1049
1055
1038
1049
1053
1065
1060
1085
1086
1022
1028
1274
1036
1041
1040
1027
1030
1040
1026
1029
1038
1055
1031
1037
1097
1064
1051
1062
1162
1048
1044
1047
1060
1068
1069
1047
1050
1239
1184
1067
1299
1065
1068
1065
1067
1080
1143
1060
1084
1105
1138
1274
1076
1240
1267
1192
1217
1260
1129
1238
1123
1137
1106
1106
1283
1122
1123
1147
1107
1107
1285
1122
1125
1125
1187
1127
1126
1086
1097
1088
1288
1133
1132
1181
1108
1129
1149
1152
1095
1152
1211
1264
1156
1273
1101
1185
1104
1099
1192
1258
1148
1148
1218
1262
1142
1278
1109
1133
1134
1127
1264
1161
1133
1161
1256
1162
1275
1118
1267
1147
1251
1223
1257
1270
1165
1249
1140
1165
1169
1144
1135
1170
1256
1144
1131
1208
1156
1213
1206
1250
1294
1215
1265
1205
1249
1154
1273
1143
1154
1166
1219
1247
1301
1145
1199
1198
1225
1196
1232
1198
1230
1236
1236
1233
1235
1194
1219
1280
1295
1168
1287
1175
1276
1176
1277
1177
1278
1178
1279
1275
1301
1228
1252
1248
1255
1254
1239
1255
1245
1268
1260
1279
1253
1262
1258
1266
1265
1263
1269
1269
1281
1271
1271
1295
1292
1289
1293
1286
1288
1286
1294
1237
1291
1291
1300
1242
1276
1242
1257
1246
1253
1259
1240
1251
1241
1243
1250
1300
1285
1247
1296
1261
1298
1264
1280
1283
1284
1282
1263
1283
1270
1272
1281
1297
1297
1299
1299
1289
1287
1285
1292
1293
1301
1300
1303
1327
1429
1320
1453
1308
1409
1487
1317
1415
1486
1316
1475
1488
1441
1466
1325
1442
1310
1393
1423
1411
1481
1347
1399
1451
1322
1329
1388
1314
1327
1425
1428
1435
1319
1340
1317
1368
1344
1350
1400
1381
1408
1322
1473
1330
1394
1413
1381
1337
1346
1417
1328
1427
1353
1392
1359
1460
1480
1360
1331
1390
1348
1408
1420
1461
1343
1355
1335
1410
1468
1338
1348
1445
1342
1345
1358
1403
1412
1345
1352
1433
1355
1427
1361
1388
1366
1369
1380
1346
1431
1354
1398
1454
1367
1370
1358
1412
1395
1472
1355
1447
1401
1483
1442
1410
1458
1420
1421
1352
1353
1370
1441
1430
1471
1359
1368
1475
1363
1365
1429
1362
1376
1363
1404
1365
1378
1403
1446
1379
1373
1374
1395
1384
1377
1398
1446
1418
1430
1459
1423
1466
1399
1440
1421
1426
1379
1382
1449
1419
1459
1382
1383
1411
1436
1389
1419
1438
1455
1396
1391
1438
1389
1472
1467
1471
1453
1473
1439
1456
1429
1400
1416
1402
1448
1433
1478
1422
1426
1421
1422
1400
1402
1416
1468
1449
1405
1443
1464
1420
1477
1428
1449
1443
1407
1470
1458
1447
1445
1481
1414
1445
1416
1440
1450
1464
1490
1433
1478
1476
1485
1476
1436
1462
1446
1470
1453
1462
1431
1454
1434
1443
1491
1437
1465
1467
1472
1471
1444
1460
1469
1474
1487
1457
1463
1479
1457
1461
1463
1468
1463
1474
1456
1489
1467
1473
1480
1478
1477
1482
1482
1474
1486
1469
1482
1484
1477
1480
1479
1483
1484
1485
1487
1486
1489
1491
1503
1508
1589
1500
1511
1617
1517
1544
1599
1499
1506
1528
1504
1511
1516
1514
1525
1527
1519
1660
1667
1512
1521
1578
1533
1576
1654
1522
1523
1527
1561
1596
1512
1550
1507
1535
1609
1532
1538
1630
1651
1597
1628
1641
1665
1521
1537
1538
1656
1636
1514
1518
1522
1560
1537
1561
1565
1523
1528
1608
1654
1539
1542
1533
1663
1539
1543
1560
1621
1563
1656
1530
1592
1587
1620
1536
1556
1558
1646
1563
1534
1556
1562
1577
1585
1553
1617
1646
1541
1562
1573
1538
1566
1576
1653
1566
1597
1596
1588
1545
1580
1611
1542
1563
1582
1606
1633
1647
1648
1623
1627
1554
1567
1557
1639
1549
1618
1572
1578
1619
1565
1614
1662
1571
1581
1587
1559
1628
1572
1578
1603
1592
1591
1602
1589
1601
1584
1598
1568
1606
1648
1657
1596
1570
1638
1588
1599
1607
1612
1623
1586
1595
1605
1608
1584
1589
1581
1625
1633
1660
1635
1655
1581
1637
1591
1653
1598
1604
1618
1639
1614
1657
1662
1601
1633
1624
1604
1607
1634
1609
1645
1625
1626
1637
1612
1664
1613
1652
1616
1640
1623
1634
1620
1627
1652
1609
1616
1631
1615
1619
1625
1649
1666
1637
1659
1634
1644
1667
1620
1624
1618
1622
1630
1632
1655
1657
1635
1645
1643
1648
1638
1642
1659
1661
1631
1640
1635
1636
1655
1642
1645
1651
1661
1652
1647
1659
1649
1650
1656
1658
1667
1653
1660
1654
1661
1666
1664
1666
)


// ************************************************************************* //
