/*--------------------------------*- C++ -*----------------------------------*\
| =========                 |                                                 |
| \\      /  F ield         | OpenFOAM: The Open Source CFD Toolbox           |
|  \\    /   O peration     | Version:  2206                                  |
|   \\  /    A nd           | Website:  www.openfoam.com                      |
|    \\/     M anipulation  |                                                 |
\*---------------------------------------------------------------------------*/
FoamFile
{
    version     2.0;
    format      ascii;
    arch        "LSB;label=32;scalar=64";
    class       vectorField;
    location    "0.01/polyMesh";
    object      points;
}
// * * * * * * * * * * * * * * * * * * * * * * * * * * * * * * * * * * * * * //


1840
(
(-0.5 -0.5 0)
(-0.5 1.5 0)
(2.5 1.5 0)
(2.5 -0.5 0)
(2.5 1.5 0.25)
(-0.5 1.5 0.25)
(-0.5 -0.5 0.25)
(2.5 -0.5 0.25)
(-0.5 1.39473684211 0)
(-0.5 1.28947368421 0)
(-0.5 1.18421052632 0)
(-0.5 1.07894736842 0)
(-0.5 0.973684210526 0)
(-0.5 0.868421052632 0)
(-0.5 0.763157894737 0)
(-0.5 0.657894736842 0)
(-0.5 0.552631578947 0)
(-0.5 0.447368421053 0)
(-0.5 0.342105263158 0)
(-0.5 0.236842105263 0)
(-0.5 0.131578947368 0)
(-0.5 0.0263157894737 0)
(-0.5 -0.0789473684211 0)
(-0.5 -0.184210526316 0)
(-0.5 -0.289473684211 0)
(-0.5 -0.394736842105 0)
(-0.396551724138 -0.5 0)
(-0.293103448276 -0.5 0)
(-0.189655172414 -0.5 0)
(-0.0862068965517 -0.5 0)
(0.0172413793103 -0.5 0)
(0.120689655172 -0.5 0)
(0.224137931034 -0.5 0)
(0.327586206897 -0.5 0)
(0.431034482759 -0.5 0)
(0.534482758621 -0.5 0)
(0.637931034483 -0.5 0)
(0.741379310345 -0.5 0)
(0.844827586207 -0.5 0)
(0.948275862069 -0.5 0)
(1.05172413793 -0.5 0)
(1.15517241379 -0.5 0)
(1.25862068966 -0.5 0)
(1.36206896552 -0.5 0)
(1.46551724138 -0.5 0)
(1.56896551724 -0.5 0)
(1.6724137931 -0.5 0)
(1.77586206897 -0.5 0)
(1.87931034483 -0.5 0)
(1.98275862069 -0.5 0)
(2.08620689655 -0.5 0)
(2.18965517241 -0.5 0)
(2.29310344828 -0.5 0)
(2.39655172414 -0.5 0)
(2.5 1.39473684211 0)
(2.5 1.28947368421 0)
(2.5 1.18421052632 0)
(2.5 1.07894736842 0)
(2.5 0.973684210526 0)
(2.5 0.868421052632 0)
(2.5 0.763157894737 0)
(2.5 0.657894736842 0)
(2.5 0.552631578947 0)
(2.5 0.447368421053 0)
(2.5 0.342105263158 0)
(2.5 0.236842105263 0)
(2.5 0.131578947368 0)
(2.5 0.0263157894737 0)
(2.5 -0.0789473684211 0)
(2.5 -0.184210526316 0)
(2.5 -0.289473684211 0)
(2.5 -0.394736842105 0)
(2.39655172414 1.5 0)
(2.29310344828 1.5 0)
(2.18965517241 1.5 0)
(2.08620689655 1.5 0)
(1.98275862069 1.5 0)
(1.87931034483 1.5 0)
(1.77586206897 1.5 0)
(1.6724137931 1.5 0)
(1.56896551724 1.5 0)
(1.46551724138 1.5 0)
(1.36206896552 1.5 0)
(1.25862068966 1.5 0)
(1.15517241379 1.5 0)
(1.05172413793 1.5 0)
(0.948275862069 1.5 0)
(0.844827586207 1.5 0)
(0.741379310345 1.5 0)
(0.637931034483 1.5 0)
(0.534482758621 1.5 0)
(0.431034482759 1.5 0)
(0.327586206897 1.5 0)
(0.224137931034 1.5 0)
(0.120689655172 1.5 0)
(0.0172413793103 1.5 0)
(-0.0862068965517 1.5 0)
(-0.189655172414 1.5 0)
(-0.293103448276 1.5 0)
(-0.396551724138 1.5 0)
(2.39655172414 1.5 0.25)
(2.29310344828 1.5 0.25)
(2.18965517241 1.5 0.25)
(2.08620689655 1.5 0.25)
(1.98275862069 1.5 0.25)
(1.87931034483 1.5 0.25)
(1.77586206897 1.5 0.25)
(1.6724137931 1.5 0.25)
(1.56896551724 1.5 0.25)
(1.46551724138 1.5 0.25)
(1.36206896552 1.5 0.25)
(1.25862068966 1.5 0.25)
(1.15517241379 1.5 0.25)
(1.05172413793 1.5 0.25)
(0.948275862069 1.5 0.25)
(0.844827586207 1.5 0.25)
(0.741379310345 1.5 0.25)
(0.637931034483 1.5 0.25)
(0.534482758621 1.5 0.25)
(0.431034482759 1.5 0.25)
(0.327586206897 1.5 0.25)
(0.224137931034 1.5 0.25)
(0.120689655172 1.5 0.25)
(0.0172413793103 1.5 0.25)
(-0.0862068965517 1.5 0.25)
(-0.189655172414 1.5 0.25)
(-0.293103448276 1.5 0.25)
(-0.396551724138 1.5 0.25)
(-0.5 1.39473684211 0.25)
(-0.5 1.28947368421 0.25)
(-0.5 1.18421052632 0.25)
(-0.5 1.07894736842 0.25)
(-0.5 0.973684210526 0.25)
(-0.5 0.868421052632 0.25)
(-0.5 0.763157894737 0.25)
(-0.5 0.657894736842 0.25)
(-0.5 0.552631578947 0.25)
(-0.5 0.447368421053 0.25)
(-0.5 0.342105263158 0.25)
(-0.5 0.236842105263 0.25)
(-0.5 0.131578947368 0.25)
(-0.5 0.0263157894737 0.25)
(-0.5 -0.0789473684211 0.25)
(-0.5 -0.184210526316 0.25)
(-0.5 -0.289473684211 0.25)
(-0.5 -0.394736842105 0.25)
(-0.396551724138 -0.5 0.25)
(-0.293103448276 -0.5 0.25)
(-0.189655172414 -0.5 0.25)
(-0.0862068965517 -0.5 0.25)
(0.0172413793103 -0.5 0.25)
(0.120689655172 -0.5 0.25)
(0.224137931034 -0.5 0.25)
(0.327586206897 -0.5 0.25)
(0.431034482759 -0.5 0.25)
(0.534482758621 -0.5 0.25)
(0.637931034483 -0.5 0.25)
(0.741379310345 -0.5 0.25)
(0.844827586207 -0.5 0.25)
(0.948275862069 -0.5 0.25)
(1.05172413793 -0.5 0.25)
(1.15517241379 -0.5 0.25)
(1.25862068966 -0.5 0.25)
(1.36206896552 -0.5 0.25)
(1.46551724138 -0.5 0.25)
(1.56896551724 -0.5 0.25)
(1.6724137931 -0.5 0.25)
(1.77586206897 -0.5 0.25)
(1.87931034483 -0.5 0.25)
(1.98275862069 -0.5 0.25)
(2.08620689655 -0.5 0.25)
(2.18965517241 -0.5 0.25)
(2.29310344828 -0.5 0.25)
(2.39655172414 -0.5 0.25)
(2.5 1.39473684211 0.25)
(2.5 1.28947368421 0.25)
(2.5 1.18421052632 0.25)
(2.5 1.07894736842 0.25)
(2.5 0.973684210526 0.25)
(2.5 0.868421052632 0.25)
(2.5 0.763157894737 0.25)
(2.5 0.657894736842 0.25)
(2.5 0.552631578947 0.25)
(2.5 0.447368421053 0.25)
(2.5 0.342105263158 0.25)
(2.5 0.236842105263 0.25)
(2.5 0.131578947368 0.25)
(2.5 0.0263157894737 0.25)
(2.5 -0.0789473684211 0.25)
(2.5 -0.184210526316 0.25)
(2.5 -0.289473684211 0.25)
(2.5 -0.394736842105 0.25)
(0.577887370331 -0.409899707458 0)
(1.09991178098 -0.4158427157 0)
(2.40511804975 0.496787097246 0)
(1.41828457808 1.40787113839 0)
(0.897588045629 1.40994868951 0)
(0.47495165585 1.4071380112 0)
(-0.408825099172 0.500489463299 0)
(1.51699302753 -0.421686109907 0)
(0.176097187588 -0.413647313992 0)
(1.82535719904 1.40668242696 0)
(-0.409079476946 0.921534668957 0)
(2.40486136193 0.0715409124007 0)
(-0.407954721696 0.185945822459 0)
(2.41598733257 0.796460643945 0)
(0.170249040414 1.40820003277 0)
(1.83406411056 -0.409828369333 0)
(2.41464021802 1.14349608588 0)
(-0.407239474097 -0.127808699854 0)
(-0.137707452004 1.40591544503 0)
(2.14346296183 -0.41653425204 0)
(-0.136686291831 -0.399787013246 0)
(2.13681315269 1.40786491937 0)
(-0.409133496916 1.13220234069 0)
(-0.409027718832 0.71092841897 0)
(2.4045962667 -0.138494699746 0)
(2.40524975499 0.282331572528 0)
(1.1136868513 1.40108562855 0)
(0.903971004041 -0.421994056553 0)
(1.32186656721 -0.415275219939 0)
(1.62068965517 1.41041116513 0)
(0.698346568588 1.40671309082 0)
(0.388472520014 -0.411494563359 0)
(-0.411534478075 1.33971856202 0)
(2.41183403108 -0.346411143147 0)
(-0.412083392979 -0.332113248701 0)
(2.41246405865 1.33850120413 0)
(-0.410153740511 1.23723246552 0)
(-0.319033464025 1.1857596242 0)
(-0.318225842378 1.08012462349 0)
(-0.227448770555 1.13348540949 0)
(-0.227295912804 1.0279234246 0)
(-0.136453143469 1.08105567078 0)
(-0.136467661028 0.975754932924 0)
(-0.0456217619979 1.02887343883 0)
(-0.0456545379399 0.923744829992 0)
(0.0450620532196 0.977049731008 0)
(0.044868695168 0.871558633667 0)
(0.135449658686 0.924807369853 0)
(0.135307172691 0.819456858692 0)
(0.225690198722 0.872675371349 0)
(0.225666386579 0.767498768658 0)
(0.315889407773 0.820768394971 0)
(0.31601943669 0.715833411619 0)
(0.406088259195 0.769060998495 0)
(0.406349935151 0.664277342476 0)
(0.496318478222 0.717510958432 0)
(0.496641718648 0.612812806142 0)
(0.586510484587 0.66602300546 0)
(0.586855726876 0.561388849868 0)
(0.67664753521 0.61449049757 0)
(0.406759854536 0.559608667491 0)
(0.676978581799 0.509919509349 0)
(0.766703397881 0.56290572613 0)
(0.767023585651 0.458386318684 0)
(0.856710455776 0.511256667941 0)
(0.677404780122 0.405459723157 0)
(0.857027216041 0.406778838887 0)
(0.946710984739 0.459530600974 0)
(0.946465792904 0.564050916637 0)
(1.03646801833 0.512223649474 0)
(1.03674045799 0.407731889354 0)
(1.12651772853 0.460348495216 0)
(1.12627113934 0.564895830057 0)
(1.21633810529 0.512947970022 0)
(1.21661915342 0.40842864869 0)
(1.30646413411 0.460988169939 0)
(1.30618788722 0.565545229887 0)
(1.39632952493 0.51356450321 0)
(1.39665019167 0.40902981399 0)
(1.48655724395 0.461611701457 0)
(1.48623905783 0.566157794966 0)
(1.48688408618 0.357089006427 0)
(1.57683469079 0.409695513612 0)
(1.57720962419 0.305243560514 0)
(1.66719971083 0.357847414649 0)
(0.676408103546 0.719117716392 0)
(1.66760128138 0.253367507863 0)
(1.48723645009 0.252672026833 0)
(0.13540630666 0.714345434574 0)
(1.75762784737 0.306024738179 0)
(1.75716380659 0.4106034988 0)
(1.75805187627 0.201435814023 0)
(0.40607792984 0.873978214106 0)
(1.84762965296 0.358952005054 0)
(1.84701598608 0.463623225487 0)
(1.93753187056 0.412330311231 0)
(1.93658795243 0.517062320847 0)
(1.84636627113 0.568108805921 0)
(1.93572303632 0.621284815937 0)
(1.84582784392 0.672214641095 0)
(1.93522267557 0.724814145307 0)
(1.84547174626 0.775829408993 0)
(1.93498844557 0.827528243824 0)
(1.84523066837 0.878614592681 0)
(1.93464938673 0.929296610056 0)
(1.84529184986 0.980636479849 0)
(1.75552964149 0.93039052698 0)
(0.225996669156 0.977988134563 0)
(1.6680048452 0.148866765804 0)
(1.75853101398 0.0966767202879 0)
(1.66840834801 0.0442531101671 0)
(-0.0457565720714 0.818317304333 0)
(1.84844245599 0.149477560357 0)
(1.84910388491 0.0443705168156 0)
(1.93879608314 0.0976883907681 0)
(1.93960085418 -0.0077551869403 0)
(1.9343596602 1.02847252195 0)
(2.02330286764 0.978021315408 0)
(2.02451961944 0.674559347322 0)
(1.75602265648 1.03365791921 0)
(1.66558693915 0.982748858027 0)
(2.02714104009 0.466495142061 0)
(2.02920621205 0.0458339383621 0)
(1.8500898664 -0.0614832730236 0)
(2.02993710467 -0.0591327376598 0)
(1.66555001188 0.879072784639 0)
(1.57535123918 0.931170112388 0)
(1.57511429534 1.03510654503 0)
(1.484996989 0.983351684986 0)
(0.0452393801444 1.08184815622 0)
(2.0214029017 1.07426595436 0)
(1.48442337268 1.08749975773 0)
(1.39487623403 1.0350767636 0)
(1.3952308482 0.931018943233 0)
(1.30518773848 0.982706932989 0)
(1.30486183744 1.08656478611 0)
(1.21520024565 1.03433005593 0)
(1.21544683175 0.930347818402 0)
(1.12546527806 0.982056978933 0)
(1.12524326205 1.08598331455 0)
(1.035474634 1.03377371879 0)
(1.03568954505 0.929730435857 0)
(0.945694453274 0.981501712298 0)
(0.945394415245 1.08547255296 0)
(0.855709579272 1.0333753263 0)
(0.945903608505 0.877315189884 0)
(2.02846066785 0.361196218782 0)
(2.11061235633 1.0262196339 0)
(2.1140427923 0.928560587655 0)
(0.854806244275 1.13716549102 0)
(0.765025575701 1.08530523879 0)
(2.11863414906 0.416265468341 0)
(2.12013007191 0.310190622592 0)
(2.12120268119 -0.00365049945299 0)
(2.1206195901 -0.108895883192 0)
(2.03070631333 -0.163086848962 0)
(1.93556543223 1.12453411321 0)
(1.57430585753 1.13900300146 0)
(0.765977154011 0.981202193188 0)
(0.676002084929 1.03291119699 0)
(0.674660397009 1.13655587286 0)
(0.586171417732 1.08443509504 0)
(2.11089884223 1.13035527202 0)
(1.03587935591 0.825545920334 0)
(1.57555734052 0.827305685298 0)
(1.75618584928 0.619512829732 0)
(2.20377533622 0.97843745453 0)
(0.94541236963 1.18935710383 0)
(0.585257059313 1.18705750878 0)
(0.496466160652 1.13648257605 0)
(-0.136448253929 1.18651759726 0)
(2.20660983316 0.880389613067 0)
(1.4829356598 1.19296848029 0)
(0.676121708688 0.928314599086 0)
(0.946079419436 0.772991724815 0)
(1.577861961 0.0965707222844 0)
(1.57804248928 -0.00773225518957 0)
(1.48762201985 0.044613006722 0)
(1.48766281751 -0.0593396072232 0)
(1.39723112398 -0.00693911406769 0)
(1.57786114351 -0.111988058323 0)
(1.3962465792 -0.110067303288 0)
(1.30701286624 -0.0580942027188 0)
(1.30735091667 0.0448724287977 0)
(1.21763445409 -0.0067558290107 0)
(1.21747643698 0.0963837917746 0)
(1.12786678675 0.0443812654573 0)
(1.12836941479 -0.0585436805365 0)
(1.03838305615 -0.00790237180176 0)
(1.03785263226 0.0955381961899 0)
(0.948225314628 0.0429512269241 0)
(0.948772429426 -0.060633515252 0)
(0.858573042554 -0.00971174650516 0)
(0.858192209488 0.0942429690028 0)
(0.768679431917 0.0416654454145 0)
(0.768980373495 -0.0622254871361 0)
(0.679376317829 -0.0107737715588 0)
(0.678880586759 0.093095474264 0)
(0.589503991697 0.0405022613499 0)
(0.590149881645 -0.0635312825196 0)
(0.500145931726 -0.0119125905717 0)
(0.499485337678 0.0917683017899 0)
(0.41008673857 0.0390896807818 0)
(0.409285154782 0.142988863114 0)
(0.31966084622 0.0905029953862 0)
(0.318870092616 0.194235199159 0)
(0.229095352804 0.141763755927 0)
(0.228271584847 0.245429763699 0)
(0.138345807764 0.192850015823 0)
(0.139249825124 0.0893785895563 0)
(0.0483099771211 0.140237205238 0)
(0.0473924942437 0.243862777117 0)
(0.0491977552528 0.0367931661534 0)
(0.320524463165 -0.0132946112067 0)
(-0.041963076562 0.0873972250578 0)
(-0.0409548427939 -0.0160899144877 0)
(0.0501687444602 -0.0664234865476 0)
(0.408577689104 0.246840968822 0)
(-0.132337471741 0.0343372345032 0)
(-0.133327628376 0.138073324485 0)
(-0.132074038894 -0.0697801828622 0)
(0.501413237469 -0.118205931132 0)
(1.30584149766 -0.160201704535 0)
(0.590471099027 -0.166559045583 0)
(-0.223143082137 -0.0189830669885 0)
(1.3934450124 -0.213233018539 0)
(0.507689629108 -0.239593796816 0)
(-0.223249639468 -0.12332770308 0)
(-0.132099673201 -0.174446416861 0)
(-0.223729876974 -0.227832086531 0)
(-0.227312542636 0.922547391122 0)
(1.3072898187 0.148364594176 0)
(1.21721694366 0.200029291542 0)
(0.766129357431 0.876598468427 0)
(2.11600278416 0.521700133899 0)
(0.412492327326 -0.171963099017 0)
(2.12111948731 0.100862488596 0)
(2.21275435617 -0.0530911816785 0)
(2.21082070579 -0.159308252317 0)
(2.21160483094 0.366231550998 0)
(2.2129382647 0.261399605318 0)
(0.854348976057 1.23894230638 0)
(0.496274781317 1.03182776281 0)
(0.406663955556 1.08427329034 0)
(0.407980895683 1.19098068227 0)
(0.31677944304 1.13648069952 0)
(0.316801356523 1.23981336037 0)
(0.226196329507 1.18950312311 0)
(1.03605273535 0.721305835993 0)
(1.1258632729 0.773771669765 0)
(1.66573092966 0.775301328321 0)
(1.57583513151 0.723080525128 0)
(1.4856388045 0.775087317152 0)
(1.30706267346 0.252135662907 0)
(1.93866241815 0.202275972566 0)
(2.11521487982 0.829224411898 0)
(2.20144949781 0.779137484396 0)
(2.30333676513 0.933849521156 0)
(1.57327526742 1.24115510031 0)
(1.6672466245 1.19283272714 0)
(0.672560629401 1.23908642213 0)
(0.585226083389 1.28549730321 0)
(1.30307009512 -0.260176716228 0)
(1.21753926418 -0.210216803929 0)
(1.2162489182 -0.307752520461 0)
(1.13237262694 -0.260223187317 0)
(1.38440153785 -0.323030710605 0)
(1.48488655331 -0.263452850523 0)
(2.29715861334 1.03895414811 0)
(0.601460075069 -0.254224040755 0)
(0.682361297875 -0.215825367472 0)
(0.659470457034 -0.326055191394 0)
(0.763042997765 -0.273853126841 0)
(0.411499032947 -0.270987444936 0)
(0.321948782115 -0.220211831659 0)
(0.414719323347 1.30850313094 0)
(0.320620707937 1.33536715984 0)
(-0.132856964926 -0.281053274018 0)
(-0.0400205541188 -0.224510047783 0)
(-0.0389107681758 -0.327694269628 0)
(0.0535860586195 -0.275872876493 0)
(0.752725104046 -0.380813140787 0)
(1.47659354859 1.30841210326 0)
(1.39449635713 1.24260293975 0)
(0.946359083207 1.30764220971 0)
(1.03495470496 1.24139077203 0)
(0.0617394511477 -0.393873613514 0)
(1.66878445605 1.30942372131 0)
(1.76310274506 1.24295207843 0)
(-0.225694625255 -0.332049810061 0)
(-0.315405524276 -0.280179082211 0)
(-0.31399528929 -0.072301224287 0)
(-0.314133818539 0.0318666369264 0)
(2.38631263088 0.98055591616 0)
(2.30466052141 -0.102637814113 0)
(2.30297227368 -0.209819110537 0)
(2.20725047942 -0.261147503033 0)
(2.30599422896 0.00413465598762 0)
(2.30030717378 -0.318783500192 0)
(0.676238051963 0.823694649054 0)
(0.586189572822 0.87533034132 0)
(0.766277051065 0.772039215956 0)
(0.766462828405 0.66744945353 0)
(0.406233372458 0.97897161721 0)
(0.946258619403 0.668579099808 0)
(2.3054286006 0.31691961505 0)
(2.3060228951 0.212607600763 0)
(2.30425929448 0.422234030892 0)
(1.12605253444 0.669422369456 0)
(1.21587908552 0.721918090365 0)
(0.226763099547 1.08339344004 0)
(0.136045262329 1.13494637095 0)
(0.135676810953 1.23741568417 0)
(0.0455505145402 1.1860757126 0)
(0.045292894623 1.28882085008 0)
(-0.0450661776125 1.23833976634 0)
(-0.0427185619947 1.34192195775 0)
(0.0571175074105 1.39959340111 0)
(-0.136614984531 1.29291566974 0)
(-0.230097228262 1.34527846853 0)
(-0.227652233384 1.23952078351 0)
(1.48593047331 0.670668385473 0)
(1.39579016191 0.722558428216 0)
(1.57613513968 0.618738520154 0)
(1.57648090923 0.514218790141 0)
(0.586304499354 0.770655394 0)
(1.39605716212 0.618110247503 0)
(-0.406785116821 -0.0230333871747 0)
(1.21692185445 0.304090748899 0)
(1.12713520344 0.251726842642 0)
(2.40388985705 -0.239697888874 0)
(0.323289421231 -0.326119924006 0)
(0.231737194004 -0.267366379789 0)
(0.231298972596 -0.167595522723 0)
(0.47971023794 -0.354988080156 0)
(0.14144064656 -0.219367846085 0)
(1.21609763053 0.617491599365 0)
(1.0362614733 0.616746283571 0)
(-0.0454665737206 1.13378505701 0)
(-0.314458605742 -0.176624702271 0)
(-0.409093580274 1.02686018807 0)
(2.40390172079 0.174314640241 0)
(0.135860893318 1.03035749099 0)
(-0.408197832849 -0.231734990594 0)
(2.41110088264 1.23843206749 0)
(2.3240055837 1.29426452825 0)
(2.33084944922 1.40400262973 0)
(2.2304509964 1.34210051858 0)
(2.23429430934 1.24736573633 0)
(2.13977355759 1.29997805433 0)
(2.04521343524 1.34719213382 0)
(2.05357472625 1.2399955391 0)
(1.96721348411 1.30202275802 0)
(-0.0406674197294 -0.120175450444 0)
(1.48748336636 0.148624985584 0)
(1.94106716333 -0.11504073823 0)
(1.85152904403 -0.168702530508 0)
(1.76000839695 -0.113909615887 0)
(1.76118193587 -0.219386417688 0)
(1.849395473 -0.266857111881 0)
(1.76744732254 -0.328108306458 0)
(1.91374064966 -0.343551750021 0)
(1.66943189678 -0.273743392123 0)
(1.67076107156 -0.38018133666 0)
(1.57070302221 -0.333438959959 0)
(1.57718164061 -0.216741289481 0)
(1.75916303574 -0.00838111055585 0)
(2.40511490958 -0.0331648900634 0)
(2.11994322931 -0.214207023326 0)
(2.04166387833 -0.253481383934 0)
(1.94738815186 -0.235748192654 0)
(1.8460885119 1.08273314346 0)
(1.85003564099 1.18593670929 0)
(0.140174257048 -0.0138475749545 0)
(1.75664995935 0.515171933821 0)
(1.12938785235 -0.160589792348 0)
(1.04112424199 -0.214288869735 0)
(1.04565064317 -0.324398168945 0)
(0.950188811097 -0.264706549147 0)
(0.949306591051 -0.163994787459 0)
(0.857839256912 -0.219538549099 0)
(2.32553886981 1.19617286719 0)
(2.23205042125 1.13911658535 0)
(-0.409066766479 0.816227780402 0)
(-0.318128762575 0.764021160895 0)
(-0.31802562226 0.658735612908 0)
(-0.227197211653 0.711877971913 0)
(-0.227003365039 0.606679564908 0)
(-0.136285041683 0.659857005521 0)
(-0.135973564287 0.554817421734 0)
(-0.0454092551191 0.607984710199 0)
(-0.0449807310176 0.503288634463 0)
(-0.135518176744 0.450346751607 0)
(0.0454134053061 0.556324635355 0)
(0.0459452837248 0.451865608311 0)
(0.13616988355 0.504818479165 0)
(0.13678290532 0.400562983385 0)
(0.226850814282 0.453432704045 0)
(0.226296930517 0.557909611444 0)
(0.316839900033 0.50648373107 0)
(0.317452961565 0.402087387235 0)
(0.407289592676 0.455142601835 0)
(0.497081653307 0.508260030438 0)
(0.497627606928 0.403825245198 0)
(-0.0456681234685 0.713073965976 0)
(-0.227289982929 0.817206089141 0)
(-0.317838043069 0.553593529267 0)
(-0.318175103905 0.869372756897 0)
(0.0450478396129 0.661212357472 0)
(-0.136447018954 0.765123258476 0)
(0.135702991891 0.609524045911 0)
(0.225905893907 0.662685213207 0)
(1.39552021076 0.826909222767 0)
(0.315986617724 0.925830363774 0)
(1.75580108524 0.723569658637 0)
(1.12682563276 0.35594666541 0)
(1.03707376949 0.303422461057 0)
(0.947045946673 0.3551170395 0)
(0.857410281865 0.302446740255 0)
(0.947411331208 0.250875483726 0)
(0.857818678652 0.198289673802 0)
(0.767859539607 0.249742218339 0)
(1.03743583564 0.199318781412 0)
(2.40602777762 0.389188763843 0)
(2.29728862263 0.530802816379 0)
(2.39566834337 0.615486046091 0)
(2.28523242705 0.641844402985 0)
(2.34968112638 0.718279528768 0)
(-0.408378927529 0.290697033961 0)
(-0.316598032591 0.239646948365 0)
(-0.317159167944 0.344144006422 0)
(-0.225636932288 0.292959948655 0)
(-0.226237719846 0.397344007532 0)
(-0.134935157448 0.346059201435 0)
(-0.0444216832719 0.399018581757 0)
(-0.317563460429 0.448837116322 0)
(-0.224889716212 0.188831611048 0)
(0.762944974765 1.19053909426 0)
(0.756268026147 1.30617923439 0)
(1.39451955544 1.13913797924 0)
(1.30442192876 1.18992922283 0)
(1.30187894255 1.29107379449 0)
(1.21464458561 1.24164187918 0)
(1.21128372779 1.34291269807 0)
(1.30625142116 1.40000338971 0)
(1.12514370365 1.29379424287 0)
(1.12507815195 1.1898704667 0)
(1.66879032438 -0.0604874228514 0)
(0.768585916941 -0.166522429897 0)
(0.858676268396 -0.113771085891 0)
(0.496456391115 1.24033302027 0)
(0.223414548787 1.30791159662 0)
(1.12749730645 0.147896361503 0)
(1.57754011625 0.20087038213 0)
(1.21493618771 1.13812073522 0)
(1.30677918392 0.356532238538 0)
(1.03525958964 1.13764132148 0)
(-0.408952575152 0.605672182283 0)
(1 1.41041116513 0)
(0.586002565193 1.39323190915 0)
(0.797803326645 1.40923108885 0)
(1.51800894505 1.41022232741 0)
(0.498845486254 0.195621637842 0)
(1.21764764379 -0.109115840897 0)
(1.48533752623 0.879342024644 0)
(1.48621395776 -0.162470354563 0)
(1.66603446387 1.08684584016 0)
(2.2136378775 0.157264430763 0)
(0.679987481135 -0.114239564028 0)
(0.0505555443828 -0.170098157236 0)
(0.58895214586 0.14436782133 0)
(0.588425570448 0.248297160883 0)
(1.66925853281 -0.16516660732 0)
(-0.226689054902 0.501936398562 0)
(0.0448675530986 0.766327425786 0)
(1.7195679725 1.40981046063 0)
(0.85592146587 0.929132248726 0)
(0.49618230473 0.927058676773 0)
(0.316305600286 1.03098172242 0)
(2.02910844174 0.25507527541 0)
(1.1256687942 0.877949784646 0)
(-0.321587292469 1.29199211837 0)
(-0.331052695139 1.40444280585 0)
(-0.408648659279 0.395596053672 0)
(-0.136488052593 0.870448967665 0)
(1.39737007563 0.0966612455457 0)
(1.03922393096 -0.110992169522 0)
(1.9429204364 1.3982813372 0)
(0.58615697837 0.979979612005 0)
(1.30545854078 0.878610913747 0)
(0.229930413118 0.0382654366809 0)
(0.856098088802 0.824733865677 0)
(-0.31818532892 0.974713596098 0)
(0.411039574235 -0.0655288623717 0)
(1.7555599481 0.827308728673 0)
(2.02553290524 0.571105379715 0)
(2.04366039829 -0.416941192864 0)
(2.24381435437 -0.41637559493 0)
(2.30862324608 0.819442562572 0)
(1.21566848153 0.826245884585 0)
(1.84811212767 0.254235766691 0)
(1.75808844047 1.13749306962 0)
(1.86635757228 1.2982501612 0)
(2.20849028744 0.47227451703 0)
(-0.0429035127526 0.191064476886 0)
(1.39723324678 0.200496483642 0)
(2.02460242138 0.878653268374 0)
(0.321363642297 -0.1172507436 0)
(2.11318126699 0.625618216525 0)
(1.93825086316 0.307344258289 0)
(0.496193507361 0.822265763854 0)
(1.66678555287 0.462396138164 0)
(1.66601206264 0.671173756655 0)
(0.678385180679 0.196985413822 0)
(1.30570387031 0.77440165885 0)
(2.0245487268 0.777062839965 0)
(2.02928161532 0.150333521423 0)
(0.856479787479 0.615761368383 0)
(1.39696587648 0.304591212612 0)
(1.30595263294 0.670004209031 0)
(0.767435397232 0.353992981733 0)
(0.856275965765 0.720259121361 0)
(2.11271003169 0.727613763162 0)
(0.230877734347 -0.0649105346229 0)
(2.12089243944 0.205433001033 0)
(0.140771206004 -0.116936666843 0)
(2.21366198585 0.0527146174222 0)
(1.66637491217 0.566868661445 0)
(0.587297115362 0.456887715085 0)
(0.768302604517 0.145670199107 0)
(0.947795668367 0.146829503146 0)
(2.30726328395 0.110767810318 0)
(0.316361991806 0.611132996218 0)
(0.498280851595 0.299529972531 0)
(0.587824443821 0.352509393563 0)
(0.677889151985 0.301164481916 0)
(1.00017379182 -0.419128472549 0)
(0.277555331859 -0.417082678156 0)
(0.137493235323 0.296604297095 0)
(0.046586235883 0.347798155928 0)
(0.318110578965 0.29809446433 0)
(0.22749368005 0.349368599965 0)
(0.407909350897 0.350865742281 0)
(0.857231511677 -0.334382632766 0)
(-0.043739941041 0.29495747244 0)
(-0.328571119563 -0.373295491685 0)
(-0.134238814686 0.241991005825 0)
(-0.223927588057 0.0849283965622 0)
(-0.407088930682 0.0815194095031 0)
(-0.315765467963 0.135456470811 0)
(2.10735485096 -0.321097544771 0)
(2.3444689017 -0.417081344193 0)
(1.42108885805 -0.418554839055 0)
(1.21259046295 -0.403250437456 0)
(0.374354665318 1.41137697266 0)
(0.146712031922 -0.31969332471 0)
(0.673878655248 -0.423353607928 0)
(2.20292359793 0.578720060947 0)
(-0.0360527740689 -0.424035747615 0)
(0.848262415647 1.33240767337 0)
(1.5695089051 1.33504320339 0)
(0.268681072049 1.41392836529 0)
(0.126350160437 1.32838831295 0)
(2.19732755288 0.680114189923 0)
(1.04402886862 1.33086480366 0)
(-0.253089707258 -0.425329103263 0)
(1.76815698885 1.33370013874 0)
(2.41458195541 0.901839723989 0)
(-0.0372820160887 1.42982265425 0)
(0.511471203779 1.32694067495 0)
(0.659608651716 1.32633428375 0)
(1.38017563489 1.32935263742 0)
(1.74410967335 -0.42362360249 0)
(2.23625494893 1.43051041245 0)
(1.20845510731 1.4296164901 0)
(-0.241379310345 1.43146874733 0)
(1.59996728633 -0.427061281305 0)
(2.43234819537 0.710190361429 0)
(2.03448275862 1.43354857994 0)
(1.94775603715 1.21805999187 0)
(1.93856451834 -0.424498375331 0)
(2.01383958791 1.15744217411 0)
(-0.42311538441 1.42264174473 0)
(2.4254404849 -0.425432905174 0)
(-0.420325881427 -0.423259401273 0)
(2.42311538441 1.42264174473 0)
(2.19188846822 -0.345854473156 0)
(0.951507904479 -0.352537840116 0)
(0.225748724393 -0.351234267576 0)
(2.2684684958 0.727751211526 0)
(0.48275862069 -0.440047802582 0)
(1.47566727253 -0.351518090332 0)
(2.15397046599 1.21261729776 0)
(1.1442663068 -0.344022302821 0)
(2.19089911387 1.06261661878 0)
(2.33717478859 1.11443833271 0)
(2.00361454134 -0.339516985044 0)
(0.564934095537 -0.324419598517 0)
(2.41648582054 1.05445197702 0)
(0.821345503402 -0.42723516682 0)
(1.84116284025 -0.337096700011 0)
(-0.344827586207 -0.446842304588 0)
(1.29076552736 -0.339201677434 0)
(0.402612419206 -0.341879044924 0)
(0.577887370331 -0.409899707458 0.25)
(1.09991178098 -0.4158427157 0.25)
(2.40511804975 0.496787097246 0.25)
(1.41828457808 1.40787113839 0.25)
(0.897588045629 1.40994868951 0.25)
(0.47495165585 1.4071380112 0.25)
(-0.408825099172 0.500489463299 0.25)
(1.51699302753 -0.421686109907 0.25)
(0.176097187588 -0.413647313992 0.25)
(1.82535719904 1.40668242696 0.25)
(-0.409079476946 0.921534668957 0.25)
(2.40486136193 0.0715409124007 0.25)
(-0.407954721696 0.185945822459 0.25)
(2.41598733257 0.796460643945 0.25)
(0.170249040414 1.40820003277 0.25)
(1.83406411056 -0.409828369333 0.25)
(2.41464021802 1.14349608588 0.25)
(-0.407239474097 -0.127808699854 0.25)
(-0.137707452004 1.40591544503 0.25)
(2.14346296183 -0.41653425204 0.25)
(-0.136686291831 -0.399787013246 0.25)
(2.13681315269 1.40786491937 0.25)
(-0.409133496916 1.13220234069 0.25)
(-0.409027718832 0.71092841897 0.25)
(2.4045962667 -0.138494699746 0.25)
(2.40524975499 0.282331572528 0.25)
(1.1136868513 1.40108562855 0.25)
(0.903971004041 -0.421994056553 0.25)
(1.32186656721 -0.415275219939 0.25)
(1.62068965517 1.41041116513 0.25)
(0.698346568588 1.40671309082 0.25)
(0.388472520014 -0.411494563359 0.25)
(-0.411534478075 1.33971856202 0.25)
(2.41183403108 -0.346411143147 0.25)
(-0.412083392979 -0.332113248701 0.25)
(2.41246405865 1.33850120413 0.25)
(-0.410153740511 1.23723246552 0.25)
(-0.319033464025 1.1857596242 0.25)
(-0.318225842378 1.08012462349 0.25)
(-0.227448770555 1.13348540949 0.25)
(-0.227295912804 1.0279234246 0.25)
(-0.136453143469 1.08105567078 0.25)
(-0.136467661028 0.975754932924 0.25)
(-0.0456217619979 1.02887343883 0.25)
(-0.0456545379399 0.923744829992 0.25)
(0.0450620532196 0.977049731008 0.25)
(0.044868695168 0.871558633667 0.25)
(0.135449658686 0.924807369853 0.25)
(0.135307172691 0.819456858692 0.25)
(0.225690198722 0.872675371349 0.25)
(0.225666386579 0.767498768658 0.25)
(0.315889407773 0.820768394971 0.25)
(0.31601943669 0.715833411619 0.25)
(0.406088259195 0.769060998495 0.25)
(0.406349935151 0.664277342476 0.25)
(0.496318478222 0.717510958432 0.25)
(0.496641718648 0.612812806142 0.25)
(0.586510484587 0.66602300546 0.25)
(0.586855726876 0.561388849868 0.25)
(0.67664753521 0.61449049757 0.25)
(0.406759854536 0.559608667491 0.25)
(0.676978581799 0.509919509349 0.25)
(0.766703397881 0.56290572613 0.25)
(0.767023585651 0.458386318684 0.25)
(0.856710455776 0.511256667941 0.25)
(0.677404780122 0.405459723157 0.25)
(0.857027216041 0.406778838887 0.25)
(0.946710984739 0.459530600974 0.25)
(0.946465792904 0.564050916637 0.25)
(1.03646801833 0.512223649474 0.25)
(1.03674045799 0.407731889354 0.25)
(1.12651772853 0.460348495216 0.25)
(1.12627113934 0.564895830057 0.25)
(1.21633810529 0.512947970022 0.25)
(1.21661915342 0.40842864869 0.25)
(1.30646413411 0.460988169939 0.25)
(1.30618788722 0.565545229887 0.25)
(1.39632952493 0.51356450321 0.25)
(1.39665019167 0.40902981399 0.25)
(1.48655724395 0.461611701457 0.25)
(1.48623905783 0.566157794966 0.25)
(1.48688408618 0.357089006427 0.25)
(1.57683469079 0.409695513612 0.25)
(1.57720962419 0.305243560514 0.25)
(1.66719971083 0.357847414649 0.25)
(0.676408103546 0.719117716392 0.25)
(1.66760128138 0.253367507863 0.25)
(1.48723645009 0.252672026833 0.25)
(0.13540630666 0.714345434574 0.25)
(1.75762784737 0.306024738179 0.25)
(1.75716380659 0.4106034988 0.25)
(1.75805187627 0.201435814023 0.25)
(0.40607792984 0.873978214106 0.25)
(1.84762965296 0.358952005054 0.25)
(1.84701598608 0.463623225487 0.25)
(1.93753187056 0.412330311231 0.25)
(1.93658795243 0.517062320847 0.25)
(1.84636627113 0.568108805921 0.25)
(1.93572303632 0.621284815937 0.25)
(1.84582784392 0.672214641095 0.25)
(1.93522267557 0.724814145307 0.25)
(1.84547174626 0.775829408993 0.25)
(1.93498844557 0.827528243824 0.25)
(1.84523066837 0.878614592681 0.25)
(1.93464938673 0.929296610056 0.25)
(1.84529184986 0.980636479849 0.25)
(1.75552964149 0.93039052698 0.25)
(0.225996669156 0.977988134563 0.25)
(1.6680048452 0.148866765804 0.25)
(1.75853101398 0.0966767202879 0.25)
(1.66840834801 0.0442531101671 0.25)
(-0.0457565720714 0.818317304333 0.25)
(1.84844245599 0.149477560357 0.25)
(1.84910388491 0.0443705168156 0.25)
(1.93879608314 0.0976883907681 0.25)
(1.93960085418 -0.0077551869403 0.25)
(1.9343596602 1.02847252195 0.25)
(2.02330286764 0.978021315408 0.25)
(2.02451961944 0.674559347322 0.25)
(1.75602265648 1.03365791921 0.25)
(1.66558693915 0.982748858027 0.25)
(2.02714104009 0.466495142061 0.25)
(2.02920621205 0.0458339383621 0.25)
(1.8500898664 -0.0614832730236 0.25)
(2.02993710467 -0.0591327376598 0.25)
(1.66555001188 0.879072784639 0.25)
(1.57535123918 0.931170112388 0.25)
(1.57511429534 1.03510654503 0.25)
(1.484996989 0.983351684986 0.25)
(0.0452393801444 1.08184815622 0.25)
(2.0214029017 1.07426595436 0.25)
(1.48442337268 1.08749975773 0.25)
(1.39487623403 1.0350767636 0.25)
(1.3952308482 0.931018943233 0.25)
(1.30518773848 0.982706932989 0.25)
(1.30486183744 1.08656478611 0.25)
(1.21520024565 1.03433005593 0.25)
(1.21544683175 0.930347818402 0.25)
(1.12546527806 0.982056978933 0.25)
(1.12524326205 1.08598331455 0.25)
(1.035474634 1.03377371879 0.25)
(1.03568954505 0.929730435857 0.25)
(0.945694453274 0.981501712298 0.25)
(0.945394415245 1.08547255296 0.25)
(0.855709579272 1.0333753263 0.25)
(0.945903608505 0.877315189884 0.25)
(2.02846066785 0.361196218782 0.25)
(2.11061235633 1.0262196339 0.25)
(2.1140427923 0.928560587655 0.25)
(0.854806244275 1.13716549102 0.25)
(0.765025575701 1.08530523879 0.25)
(2.11863414906 0.416265468341 0.25)
(2.12013007191 0.310190622592 0.25)
(2.12120268119 -0.00365049945299 0.25)
(2.1206195901 -0.108895883192 0.25)
(2.03070631333 -0.163086848962 0.25)
(1.93556543223 1.12453411321 0.25)
(1.57430585753 1.13900300146 0.25)
(0.765977154011 0.981202193188 0.25)
(0.676002084929 1.03291119699 0.25)
(0.674660397009 1.13655587286 0.25)
(0.586171417732 1.08443509504 0.25)
(2.11089884223 1.13035527202 0.25)
(1.03587935591 0.825545920334 0.25)
(1.57555734052 0.827305685298 0.25)
(1.75618584928 0.619512829732 0.25)
(2.20377533622 0.97843745453 0.25)
(0.94541236963 1.18935710383 0.25)
(0.585257059313 1.18705750878 0.25)
(0.496466160652 1.13648257605 0.25)
(-0.136448253929 1.18651759726 0.25)
(2.20660983316 0.880389613067 0.25)
(1.4829356598 1.19296848029 0.25)
(0.676121708688 0.928314599086 0.25)
(0.946079419436 0.772991724815 0.25)
(1.577861961 0.0965707222844 0.25)
(1.57804248928 -0.00773225518957 0.25)
(1.48762201985 0.044613006722 0.25)
(1.48766281751 -0.0593396072232 0.25)
(1.39723112398 -0.00693911406769 0.25)
(1.57786114351 -0.111988058323 0.25)
(1.3962465792 -0.110067303288 0.25)
(1.30701286624 -0.0580942027188 0.25)
(1.30735091667 0.0448724287977 0.25)
(1.21763445409 -0.0067558290107 0.25)
(1.21747643698 0.0963837917746 0.25)
(1.12786678675 0.0443812654573 0.25)
(1.12836941479 -0.0585436805365 0.25)
(1.03838305615 -0.00790237180176 0.25)
(1.03785263226 0.0955381961899 0.25)
(0.948225314628 0.0429512269241 0.25)
(0.948772429426 -0.060633515252 0.25)
(0.858573042554 -0.00971174650516 0.25)
(0.858192209488 0.0942429690028 0.25)
(0.768679431917 0.0416654454145 0.25)
(0.768980373495 -0.0622254871361 0.25)
(0.679376317829 -0.0107737715588 0.25)
(0.678880586759 0.093095474264 0.25)
(0.589503991697 0.0405022613499 0.25)
(0.590149881645 -0.0635312825196 0.25)
(0.500145931726 -0.0119125905717 0.25)
(0.499485337678 0.0917683017899 0.25)
(0.41008673857 0.0390896807818 0.25)
(0.409285154782 0.142988863114 0.25)
(0.31966084622 0.0905029953862 0.25)
(0.318870092616 0.194235199159 0.25)
(0.229095352804 0.141763755927 0.25)
(0.228271584847 0.245429763699 0.25)
(0.138345807764 0.192850015823 0.25)
(0.139249825124 0.0893785895563 0.25)
(0.0483099771211 0.140237205238 0.25)
(0.0473924942437 0.243862777117 0.25)
(0.0491977552528 0.0367931661534 0.25)
(0.320524463165 -0.0132946112067 0.25)
(-0.041963076562 0.0873972250578 0.25)
(-0.0409548427939 -0.0160899144877 0.25)
(0.0501687444602 -0.0664234865476 0.25)
(0.408577689104 0.246840968822 0.25)
(-0.132337471741 0.0343372345032 0.25)
(-0.133327628376 0.138073324485 0.25)
(-0.132074038894 -0.0697801828622 0.25)
(0.501413237469 -0.118205931132 0.25)
(1.30584149766 -0.160201704535 0.25)
(0.590471099027 -0.166559045583 0.25)
(-0.223143082137 -0.0189830669885 0.25)
(1.3934450124 -0.213233018539 0.25)
(0.507689629108 -0.239593796816 0.25)
(-0.223249639468 -0.12332770308 0.25)
(-0.132099673201 -0.174446416861 0.25)
(-0.223729876974 -0.227832086531 0.25)
(-0.227312542636 0.922547391122 0.25)
(1.3072898187 0.148364594176 0.25)
(1.21721694366 0.200029291542 0.25)
(0.766129357431 0.876598468427 0.25)
(2.11600278416 0.521700133899 0.25)
(0.412492327326 -0.171963099017 0.25)
(2.12111948731 0.100862488596 0.25)
(2.21275435617 -0.0530911816785 0.25)
(2.21082070579 -0.159308252317 0.25)
(2.21160483094 0.366231550998 0.25)
(2.2129382647 0.261399605318 0.25)
(0.854348976057 1.23894230638 0.25)
(0.496274781317 1.03182776281 0.25)
(0.406663955556 1.08427329034 0.25)
(0.407980895683 1.19098068227 0.25)
(0.31677944304 1.13648069952 0.25)
(0.316801356523 1.23981336037 0.25)
(0.226196329507 1.18950312311 0.25)
(1.03605273535 0.721305835993 0.25)
(1.1258632729 0.773771669765 0.25)
(1.66573092966 0.775301328321 0.25)
(1.57583513151 0.723080525128 0.25)
(1.4856388045 0.775087317152 0.25)
(1.30706267346 0.252135662907 0.25)
(1.93866241815 0.202275972566 0.25)
(2.11521487982 0.829224411898 0.25)
(2.20144949781 0.779137484396 0.25)
(2.30333676513 0.933849521156 0.25)
(1.57327526742 1.24115510031 0.25)
(1.6672466245 1.19283272714 0.25)
(0.672560629401 1.23908642213 0.25)
(0.585226083389 1.28549730321 0.25)
(1.30307009512 -0.260176716228 0.25)
(1.21753926418 -0.210216803929 0.25)
(1.2162489182 -0.307752520461 0.25)
(1.13237262694 -0.260223187317 0.25)
(1.38440153785 -0.323030710605 0.25)
(1.48488655331 -0.263452850523 0.25)
(2.29715861334 1.03895414811 0.25)
(0.601460075069 -0.254224040755 0.25)
(0.682361297875 -0.215825367472 0.25)
(0.659470457034 -0.326055191394 0.25)
(0.763042997765 -0.273853126841 0.25)
(0.411499032947 -0.270987444936 0.25)
(0.321948782115 -0.220211831659 0.25)
(0.414719323347 1.30850313094 0.25)
(0.320620707937 1.33536715984 0.25)
(-0.132856964926 -0.281053274018 0.25)
(-0.0400205541188 -0.224510047783 0.25)
(-0.0389107681758 -0.327694269628 0.25)
(0.0535860586195 -0.275872876493 0.25)
(0.752725104046 -0.380813140787 0.25)
(1.47659354859 1.30841210326 0.25)
(1.39449635713 1.24260293975 0.25)
(0.946359083207 1.30764220971 0.25)
(1.03495470496 1.24139077203 0.25)
(0.0617394511477 -0.393873613514 0.25)
(1.66878445605 1.30942372131 0.25)
(1.76310274506 1.24295207843 0.25)
(-0.225694625255 -0.332049810061 0.25)
(-0.315405524276 -0.280179082211 0.25)
(-0.31399528929 -0.072301224287 0.25)
(-0.314133818539 0.0318666369264 0.25)
(2.38631263088 0.98055591616 0.25)
(2.30466052141 -0.102637814113 0.25)
(2.30297227368 -0.209819110537 0.25)
(2.20725047942 -0.261147503033 0.25)
(2.30599422896 0.00413465598762 0.25)
(2.30030717378 -0.318783500192 0.25)
(0.676238051963 0.823694649054 0.25)
(0.586189572822 0.87533034132 0.25)
(0.766277051065 0.772039215956 0.25)
(0.766462828405 0.66744945353 0.25)
(0.406233372458 0.97897161721 0.25)
(0.946258619403 0.668579099808 0.25)
(2.3054286006 0.31691961505 0.25)
(2.3060228951 0.212607600763 0.25)
(2.30425929448 0.422234030892 0.25)
(1.12605253444 0.669422369456 0.25)
(1.21587908552 0.721918090365 0.25)
(0.226763099547 1.08339344004 0.25)
(0.136045262329 1.13494637095 0.25)
(0.135676810953 1.23741568417 0.25)
(0.0455505145402 1.1860757126 0.25)
(0.045292894623 1.28882085008 0.25)
(-0.0450661776125 1.23833976634 0.25)
(-0.0427185619947 1.34192195775 0.25)
(0.0571175074105 1.39959340111 0.25)
(-0.136614984531 1.29291566974 0.25)
(-0.230097228262 1.34527846853 0.25)
(-0.227652233384 1.23952078351 0.25)
(1.48593047331 0.670668385473 0.25)
(1.39579016191 0.722558428216 0.25)
(1.57613513968 0.618738520154 0.25)
(1.57648090923 0.514218790141 0.25)
(0.586304499354 0.770655394 0.25)
(1.39605716212 0.618110247503 0.25)
(-0.406785116821 -0.0230333871747 0.25)
(1.21692185445 0.304090748899 0.25)
(1.12713520344 0.251726842642 0.25)
(2.40388985705 -0.239697888874 0.25)
(0.323289421231 -0.326119924006 0.25)
(0.231737194004 -0.267366379789 0.25)
(0.231298972596 -0.167595522723 0.25)
(0.47971023794 -0.354988080156 0.25)
(0.14144064656 -0.219367846085 0.25)
(1.21609763053 0.617491599365 0.25)
(1.0362614733 0.616746283571 0.25)
(-0.0454665737206 1.13378505701 0.25)
(-0.314458605742 -0.176624702271 0.25)
(-0.409093580274 1.02686018807 0.25)
(2.40390172079 0.174314640241 0.25)
(0.135860893318 1.03035749099 0.25)
(-0.408197832849 -0.231734990594 0.25)
(2.41110088264 1.23843206749 0.25)
(2.3240055837 1.29426452825 0.25)
(2.33084944922 1.40400262973 0.25)
(2.2304509964 1.34210051858 0.25)
(2.23429430934 1.24736573633 0.25)
(2.13977355759 1.29997805433 0.25)
(2.04521343524 1.34719213382 0.25)
(2.05357472625 1.2399955391 0.25)
(1.96721348411 1.30202275802 0.25)
(-0.0406674197294 -0.120175450444 0.25)
(1.48748336636 0.148624985584 0.25)
(1.94106716333 -0.11504073823 0.25)
(1.85152904403 -0.168702530508 0.25)
(1.76000839695 -0.113909615887 0.25)
(1.76118193587 -0.219386417688 0.25)
(1.849395473 -0.266857111881 0.25)
(1.76744732254 -0.328108306458 0.25)
(1.91374064966 -0.343551750021 0.25)
(1.66943189678 -0.273743392123 0.25)
(1.67076107156 -0.38018133666 0.25)
(1.57070302221 -0.333438959959 0.25)
(1.57718164061 -0.216741289481 0.25)
(1.75916303574 -0.00838111055585 0.25)
(2.40511490958 -0.0331648900634 0.25)
(2.11994322931 -0.214207023326 0.25)
(2.04166387833 -0.253481383934 0.25)
(1.94738815186 -0.235748192654 0.25)
(1.8460885119 1.08273314346 0.25)
(1.85003564099 1.18593670929 0.25)
(0.140174257048 -0.0138475749545 0.25)
(1.75664995935 0.515171933821 0.25)
(1.12938785235 -0.160589792348 0.25)
(1.04112424199 -0.214288869735 0.25)
(1.04565064317 -0.324398168945 0.25)
(0.950188811097 -0.264706549147 0.25)
(0.949306591051 -0.163994787459 0.25)
(0.857839256912 -0.219538549099 0.25)
(2.32553886981 1.19617286719 0.25)
(2.23205042125 1.13911658535 0.25)
(-0.409066766479 0.816227780402 0.25)
(-0.318128762575 0.764021160895 0.25)
(-0.31802562226 0.658735612908 0.25)
(-0.227197211653 0.711877971913 0.25)
(-0.227003365039 0.606679564908 0.25)
(-0.136285041683 0.659857005521 0.25)
(-0.135973564287 0.554817421734 0.25)
(-0.0454092551191 0.607984710199 0.25)
(-0.0449807310176 0.503288634463 0.25)
(-0.135518176744 0.450346751607 0.25)
(0.0454134053061 0.556324635355 0.25)
(0.0459452837248 0.451865608311 0.25)
(0.13616988355 0.504818479165 0.25)
(0.13678290532 0.400562983385 0.25)
(0.226850814282 0.453432704045 0.25)
(0.226296930517 0.557909611444 0.25)
(0.316839900033 0.50648373107 0.25)
(0.317452961565 0.402087387235 0.25)
(0.407289592676 0.455142601835 0.25)
(0.497081653307 0.508260030438 0.25)
(0.497627606928 0.403825245198 0.25)
(-0.0456681234685 0.713073965976 0.25)
(-0.227289982929 0.817206089141 0.25)
(-0.317838043069 0.553593529267 0.25)
(-0.318175103905 0.869372756897 0.25)
(0.0450478396129 0.661212357472 0.25)
(-0.136447018954 0.765123258476 0.25)
(0.135702991891 0.609524045911 0.25)
(0.225905893907 0.662685213207 0.25)
(1.39552021076 0.826909222767 0.25)
(0.315986617724 0.925830363774 0.25)
(1.75580108524 0.723569658637 0.25)
(1.12682563276 0.35594666541 0.25)
(1.03707376949 0.303422461057 0.25)
(0.947045946673 0.3551170395 0.25)
(0.857410281865 0.302446740255 0.25)
(0.947411331208 0.250875483726 0.25)
(0.857818678652 0.198289673802 0.25)
(0.767859539607 0.249742218339 0.25)
(1.03743583564 0.199318781412 0.25)
(2.40602777762 0.389188763843 0.25)
(2.29728862263 0.530802816379 0.25)
(2.39566834337 0.615486046091 0.25)
(2.28523242705 0.641844402985 0.25)
(2.34968112638 0.718279528768 0.25)
(-0.408378927529 0.290697033961 0.25)
(-0.316598032591 0.239646948365 0.25)
(-0.317159167944 0.344144006422 0.25)
(-0.225636932288 0.292959948655 0.25)
(-0.226237719846 0.397344007532 0.25)
(-0.134935157448 0.346059201435 0.25)
(-0.0444216832719 0.399018581757 0.25)
(-0.317563460429 0.448837116322 0.25)
(-0.224889716212 0.188831611048 0.25)
(0.762944974765 1.19053909426 0.25)
(0.756268026147 1.30617923439 0.25)
(1.39451955544 1.13913797924 0.25)
(1.30442192876 1.18992922283 0.25)
(1.30187894255 1.29107379449 0.25)
(1.21464458561 1.24164187918 0.25)
(1.21128372779 1.34291269807 0.25)
(1.30625142116 1.40000338971 0.25)
(1.12514370365 1.29379424287 0.25)
(1.12507815195 1.1898704667 0.25)
(1.66879032438 -0.0604874228514 0.25)
(0.768585916941 -0.166522429897 0.25)
(0.858676268396 -0.113771085891 0.25)
(0.496456391115 1.24033302027 0.25)
(0.223414548787 1.30791159662 0.25)
(1.12749730645 0.147896361503 0.25)
(1.57754011625 0.20087038213 0.25)
(1.21493618771 1.13812073522 0.25)
(1.30677918392 0.356532238538 0.25)
(1.03525958964 1.13764132148 0.25)
(-0.408952575152 0.605672182283 0.25)
(1 1.41041116513 0.25)
(0.586002565193 1.39323190915 0.25)
(0.797803326645 1.40923108885 0.25)
(1.51800894505 1.41022232741 0.25)
(0.498845486254 0.195621637842 0.25)
(1.21764764379 -0.109115840897 0.25)
(1.48533752623 0.879342024644 0.25)
(1.48621395776 -0.162470354563 0.25)
(1.66603446387 1.08684584016 0.25)
(2.2136378775 0.157264430763 0.25)
(0.679987481135 -0.114239564028 0.25)
(0.0505555443828 -0.170098157236 0.25)
(0.58895214586 0.14436782133 0.25)
(0.588425570448 0.248297160883 0.25)
(1.66925853281 -0.16516660732 0.25)
(-0.226689054902 0.501936398562 0.25)
(0.0448675530986 0.766327425786 0.25)
(1.7195679725 1.40981046063 0.25)
(0.85592146587 0.929132248726 0.25)
(0.49618230473 0.927058676773 0.25)
(0.316305600286 1.03098172242 0.25)
(2.02910844174 0.25507527541 0.25)
(1.1256687942 0.877949784646 0.25)
(-0.321587292469 1.29199211837 0.25)
(-0.331052695139 1.40444280585 0.25)
(-0.408648659279 0.395596053672 0.25)
(-0.136488052593 0.870448967665 0.25)
(1.39737007563 0.0966612455457 0.25)
(1.03922393096 -0.110992169522 0.25)
(1.9429204364 1.3982813372 0.25)
(0.58615697837 0.979979612005 0.25)
(1.30545854078 0.878610913747 0.25)
(0.229930413118 0.0382654366809 0.25)
(0.856098088802 0.824733865677 0.25)
(-0.31818532892 0.974713596098 0.25)
(0.411039574235 -0.0655288623717 0.25)
(1.7555599481 0.827308728673 0.25)
(2.02553290524 0.571105379715 0.25)
(2.04366039829 -0.416941192864 0.25)
(2.24381435437 -0.41637559493 0.25)
(2.30862324608 0.819442562572 0.25)
(1.21566848153 0.826245884585 0.25)
(1.84811212767 0.254235766691 0.25)
(1.75808844047 1.13749306962 0.25)
(1.86635757228 1.2982501612 0.25)
(2.20849028744 0.47227451703 0.25)
(-0.0429035127526 0.191064476886 0.25)
(1.39723324678 0.200496483642 0.25)
(2.02460242138 0.878653268374 0.25)
(0.321363642297 -0.1172507436 0.25)
(2.11318126699 0.625618216525 0.25)
(1.93825086316 0.307344258289 0.25)
(0.496193507361 0.822265763854 0.25)
(1.66678555287 0.462396138164 0.25)
(1.66601206264 0.671173756655 0.25)
(0.678385180679 0.196985413822 0.25)
(1.30570387031 0.77440165885 0.25)
(2.0245487268 0.777062839965 0.25)
(2.02928161532 0.150333521423 0.25)
(0.856479787479 0.615761368383 0.25)
(1.39696587648 0.304591212612 0.25)
(1.30595263294 0.670004209031 0.25)
(0.767435397232 0.353992981733 0.25)
(0.856275965765 0.720259121361 0.25)
(2.11271003169 0.727613763162 0.25)
(0.230877734347 -0.0649105346229 0.25)
(2.12089243944 0.205433001033 0.25)
(0.140771206004 -0.116936666843 0.25)
(2.21366198585 0.0527146174222 0.25)
(1.66637491217 0.566868661445 0.25)
(0.587297115362 0.456887715085 0.25)
(0.768302604517 0.145670199107 0.25)
(0.947795668367 0.146829503146 0.25)
(2.30726328395 0.110767810318 0.25)
(0.316361991806 0.611132996218 0.25)
(0.498280851595 0.299529972531 0.25)
(0.587824443821 0.352509393563 0.25)
(0.677889151985 0.301164481916 0.25)
(1.00017379182 -0.419128472549 0.25)
(0.277555331859 -0.417082678156 0.25)
(0.137493235323 0.296604297095 0.25)
(0.046586235883 0.347798155928 0.25)
(0.318110578965 0.29809446433 0.25)
(0.22749368005 0.349368599965 0.25)
(0.407909350897 0.350865742281 0.25)
(0.857231511677 -0.334382632766 0.25)
(-0.043739941041 0.29495747244 0.25)
(-0.328571119563 -0.373295491685 0.25)
(-0.134238814686 0.241991005825 0.25)
(-0.223927588057 0.0849283965622 0.25)
(-0.407088930682 0.0815194095031 0.25)
(-0.315765467963 0.135456470811 0.25)
(2.10735485096 -0.321097544771 0.25)
(2.3444689017 -0.417081344193 0.25)
(1.42108885805 -0.418554839055 0.25)
(1.21259046295 -0.403250437456 0.25)
(0.374354665318 1.41137697266 0.25)
(0.146712031922 -0.31969332471 0.25)
(0.673878655248 -0.423353607928 0.25)
(2.20292359793 0.578720060947 0.25)
(-0.0360527740689 -0.424035747615 0.25)
(0.848262415647 1.33240767337 0.25)
(1.5695089051 1.33504320339 0.25)
(0.268681072049 1.41392836529 0.25)
(0.126350160437 1.32838831295 0.25)
(2.19732755288 0.680114189923 0.25)
(1.04402886862 1.33086480366 0.25)
(-0.253089707258 -0.425329103263 0.25)
(1.76815698885 1.33370013874 0.25)
(2.41458195541 0.901839723989 0.25)
(-0.0372820160887 1.42982265425 0.25)
(0.511471203779 1.32694067495 0.25)
(0.659608651716 1.32633428375 0.25)
(1.38017563489 1.32935263742 0.25)
(1.74410967335 -0.42362360249 0.25)
(2.23625494893 1.43051041245 0.25)
(1.20845510731 1.4296164901 0.25)
(-0.241379310345 1.43146874733 0.25)
(1.59996728633 -0.427061281305 0.25)
(2.43234819537 0.710190361429 0.25)
(2.03448275862 1.43354857994 0.25)
(1.94775603715 1.21805999187 0.25)
(1.93856451834 -0.424498375331 0.25)
(2.01383958791 1.15744217411 0.25)
(-0.42311538441 1.42264174473 0.25)
(2.4254404849 -0.425432905174 0.25)
(-0.420325881427 -0.423259401273 0.25)
(2.42311538441 1.42264174473 0.25)
(2.19188846822 -0.345854473156 0.25)
(0.951507904479 -0.352537840116 0.25)
(0.225748724393 -0.351234267576 0.25)
(2.2684684958 0.727751211526 0.25)
(0.48275862069 -0.440047802582 0.25)
(1.47566727253 -0.351518090332 0.25)
(2.15397046599 1.21261729776 0.25)
(1.1442663068 -0.344022302821 0.25)
(2.19089911387 1.06261661878 0.25)
(2.33717478859 1.11443833271 0.25)
(2.00361454134 -0.339516985044 0.25)
(0.564934095537 -0.324419598517 0.25)
(2.41648582054 1.05445197702 0.25)
(0.821345503402 -0.42723516682 0.25)
(1.84116284025 -0.337096700011 0.25)
(-0.344827586207 -0.446842304588 0.25)
(1.29076552736 -0.339201677434 0.25)
(0.402612419206 -0.341879044924 0.25)
(0.25 0 0)
(0.260926199633 0.103955845409 0)
(0.293227271179 0.203368321538 0)
(0.267386413 0.12383834 0)
(0.273846628 0.143720835 0)
(0.280306842 0.163603331 0)
(0.286767056 0.183485826 0)
(0 0 0)
(0.0163892994496 0.155933768113 0)
(0.064840906768 0.305052482307 0)
(0.02607962 0.185757511 0)
(0.035769941 0.215581253 0)
(0.045460262 0.245404996 0)
(0.055150583 0.275228739 0)
(-0.1 0 0)
(-0.0814254606237 0.176724937195 0)
(-0.0265136389962 0.345726146614 0)
(-0.070443096 0.210525178 0)
(-0.059460732 0.244325419 0)
(-0.048478368 0.27812566 0)
(-0.037496004 0.311925901 0)
(0.35 0 0)
(0.358740959706 0.0831646763271 0)
(0.384581816943 0.16269465723 0)
(0.363909131 0.099070672 0)
(0.369077302 0.114976668 0)
(0.374245474 0.130882664 0)
(0.379413645 0.146788661 0)
(-0.037496004 0.311925901 0.25)
(-0.048478368 0.27812566 0.25)
(-0.059460732 0.244325419 0.25)
(-0.070443096 0.210525178 0.25)
(-0.0814254606237 0.176724937195 0.25)
(-0.1 0 0.25)
(0 0 0.25)
(0.0163892994496 0.155933768113 0.25)
(0.02607962 0.185757511 0.25)
(0.035769941 0.215581253 0.25)
(0.045460262 0.245404996 0.25)
(0.055150583 0.275228739 0.25)
(0.064840906768 0.305052482307 0.25)
(-0.0265136389962 0.345726146614 0.25)
(0.286767056 0.183485826 0.25)
(0.280306842 0.163603331 0.25)
(0.273846628 0.143720835 0.25)
(0.267386413 0.12383834 0.25)
(0.260926199633 0.103955845409 0.25)
(0.25 0 0.25)
(0.35 0 0.25)
(0.358740959706 0.0831646763271 0.25)
(0.363909131 0.099070672 0.25)
(0.369077302 0.114976668 0.25)
(0.374245474 0.130882664 0.25)
(0.379413645 0.146788661 0.25)
(0.384581816943 0.16269465723 0.25)
(0.293227271179 0.203368321538 0.25)
(-0.0969042434373 0.0294541561992 0)
(-0.0938084868746 0.0589083123984 0)
(-0.0907127303119 0.0883624685975 0)
(-0.0876169737492 0.117816624797 0)
(-0.0845212171864 0.147270780996 0)
(0.0136577495414 0.129944806761 0)
(0.0109261996331 0.103955845409 0)
(0.00819464972482 0.0779668840567 0)
(0.00546309981655 0.0519779227044 0)
(0.00273154990827 0.0259889613522 0)
(0.257284133089 0.0693038969393 0)
(0.253642066544 0.0346519484696 0)
(0.355827306471 0.0554431175514 0)
(0.352913653235 0.0277215587757 0)
(0.00393787625854 0.332168258512 0)
(0.0343893915133 0.318610370409 0)
(0.323678786433 0.189810433435 0)
(0.354130301688 0.176252545333 0)
(-0.0320048214981 0.328826023807 0)
(-0.042987186 0.2950257805 0)
(-0.05396955 0.2612255395 0)
(-0.064951914 0.2274252985 0)
(-0.0759342783119 0.193625057598 0)
(0.0212344597248 0.170845639557 0)
(0.0309247805 0.200669382 0)
(0.0406151015 0.2304931245 0)
(0.0503054225 0.2603168675 0)
(0.059995744884 0.290140610653 0)
(0.289997163589 0.193427073769 0)
(0.283536949 0.1735445785 0)
(0.277076735 0.153662083 0)
(0.2706165205 0.1337795875 0)
(0.264156306317 0.113897092704 0)
(0.361325045353 0.0911176741636 0)
(0.3664932165 0.10702367 0)
(0.371661388 0.122929666 0)
(0.3768295595 0.1388356625 0)
(0.381997730971 0.154741659115 0)
(-0.0666666666667 0 0)
(-0.0333333333333 0 0)
(0.283333333333 0 0)
(0.316666666667 0 0)
(-0.042987186 0.2950257805 0.25)
(-0.05396955 0.2612255395 0.25)
(-0.064951914 0.2274252985 0.25)
(-0.0759342783119 0.193625057598 0.25)
(-0.0969042434373 0.0294541561992 0.25)
(-0.0938084868746 0.0589083123984 0.25)
(-0.0907127303119 0.0883624685975 0.25)
(-0.0876169737492 0.117816624797 0.25)
(-0.0845212171864 0.147270780996 0.25)
(-0.0666666666667 0 0.25)
(-0.0333333333333 0 0.25)
(0.0136577495414 0.129944806761 0.25)
(0.0109261996331 0.103955845409 0.25)
(0.00819464972482 0.0779668840567 0.25)
(0.00546309981655 0.0519779227044 0.25)
(0.00273154990827 0.0259889613522 0.25)
(0.0212344597248 0.170845639557 0.25)
(0.0309247805 0.200669382 0.25)
(0.0406151015 0.2304931245 0.25)
(0.0503054225 0.2603168675 0.25)
(0.059995744884 0.290140610653 0.25)
(0.00393787625854 0.332168258512 0.25)
(0.0343893915133 0.318610370409 0.25)
(-0.0320048214981 0.328826023807 0.25)
(0.283536949 0.1735445785 0.25)
(0.277076735 0.153662083 0.25)
(0.2706165205 0.1337795875 0.25)
(0.264156306317 0.113897092704 0.25)
(0.257284133089 0.0693038969393 0.25)
(0.253642066544 0.0346519484696 0.25)
(0.283333333333 0 0.25)
(0.316666666667 0 0.25)
(0.355827306471 0.0554431175514 0.25)
(0.352913653235 0.0277215587757 0.25)
(0.361325045353 0.0911176741636 0.25)
(0.3664932165 0.10702367 0.25)
(0.371661388 0.122929666 0.25)
(0.3768295595 0.1388356625 0.25)
(0.381997730971 0.154741659115 0.25)
(0.323678786433 0.189810433435 0.25)
(0.354130301688 0.176252545333 0.25)
(0.289997163589 0.193427073769 0.25)
(0.0252784619089 0.227233220765 0)
(0.0114310694849 0.182153915974 0)
(-0.0314275565973 0.281653627074 0)
(-0.0626967095357 0.183414025943 0)
(0.041913635788 0.27215575909 0)
(-0.0460042499891 0.229121704982 0)
(-0.00298215605274 0.144831760722 0)
(-0.0173758445836 0.0673242158774 0)
(-0.0584236598038 0.130134082095 0)
(-0.0467161275123 0.0259117991751 0)
(-0.0671591023531 0.0718753249755 0)
(0.0106561096976 0.302632114436 0)
(-0.0186090451716 0.31796713481 0)
(-0.00325197079229 0.164339168273 0)
(-0.0209743684411 0.15566755243 0)
(-0.0193886365447 0.174971709005 0)
(-0.0219690228274 0.134594276949 0)
(-0.0395883398447 0.167111777608 0)
(-0.0337654735183 0.186042719146 0)
(-0.0173243032728 0.193370217914 0)
(-0.0309975871683 0.203350951221 0)
(-0.0162280212674 0.210835609118 0)
(-0.00213898705065 0.201721744636 0)
(-0.00177004535543 0.218373453247 0)
(-0.0152925799681 0.227815360538 0)
(-0.000394195246105 0.234780345466 0)
(-0.0137368896675 0.244632758612 0)
(0.00132070856619 0.251413609676 0)
(-0.0123735724651 0.261539527762 0)
(-0.0264065118835 0.254817051038 0)
(0.00166116784124 0.269702135338 0)
(0.016017508859 0.259855561889 0)
(0.0173458181356 0.279696670407 0)
(-0.0475313573983 0.196699989592 0)
(0.0122168133803 0.209178092985 0)
(-0.0138164218883 0.280084112571 0)
(-0.0636461320349 0.100635261106 0)
(-0.0405549435988 0.0835041791497 0)
(-0.037362741004 0.112008583635 0)
(-0.0141324627543 0.0935643239458 0)
(-0.0576643402527 0.154784896096 0)
(0.0164883698221 0.2410140078 0)
(-0.0257097583597 0.298626608245 0)
(-0.055453697083 0.212633062682 0)
(0.0298146443059 0.250724783291 0)
(-0.0298446247891 0.220381927153 0)
(0.0450464309942 0.291661610958 0)
(-0.0386657828572 0.148156326373 0)
(-0.0436533788626 0.0556173653583 0)
(-0.019788907746 0.0409284835414 0)
(-0.0291796341513 0.237386998932 0)
(-0.0420743837643 0.248860301832 0)
(-0.00142698664777 0.183298449482 0)
(-0.0374256245619 0.266285097538 0)
(-0.0477623272635 0.180751385742 0)
(-0.070324440172 0.0440505095733 0)
(0.0124625171387 0.194312967285 0)
(0.0119491697161 0.224740623314 0)
(-0.00793067982564 0.11668832908 0)
(0.0294743444638 0.266582165019 0)
(-0.0624998633859 0.19925100083 0)
(-0.0236955874585 0.269846484494 0)
(-0.0193169267845 0.0185964044538 0)
(-0.00883797147173 0.296688073641 0)
(0.0278987313542 0.297605631995 0)
(-0.0684188613111 0.166365075285 0)
(0.023227833301 0.215480514413 0)
(0.0318769738941 0.28178547454 0)
(-0.00363899813389 0.311808931852 0)
(-0.0749274463583 0.0217674958582 0)
(-0.039488431542 0.130266101659 0)
(0.00147296570578 0.285623331101 0)
(0.0396280598762 0.257359697522 0)
(0.0314322906449 0.238349910199 0)
(-0.0412917017248 0.212775204189 0)
(-0.0552297560206 0.170488416424 0)
(0.00887154446832 0.171331259423 0)
(0.363553890396 0.119939866611 0)
(0.354915367779 0.098451930469 0)
(0.280134789122 0.136179837501 0)
(0.274795907934 0.10480192305 0)
(0.28799524004 0.154899593727 0)
(0.367534789399 0.136200700203 0)
(0.339771538298 0.0738799028288 0)
(0.284049233764 0.0486420055363 0)
(0.324516594739 0.154574910121 0)
(0.291772240036 0.175265079434 0)
(0.37074754102 0.156500803674 0)
(0.332959356708 0.0477191155893 0)
(0.318598220016 0.06641022359 0)
(0.324000078273 0.0872094798127 0)
(0.304652424721 0.0808128173544 0)
(0.308804939821 0.098458121166 0)
(0.32277121166 0.103945253687 0)
(0.312199919497 0.113178531397 0)
(0.324694616747 0.117566102475 0)
(0.315060383073 0.126216248618 0)
(0.302590494733 0.122466833703 0)
(0.334925378773 0.110212052659 0)
(0.33664547295 0.122368487973 0)
(0.305957927907 0.135107571042 0)
(0.345765353657 0.114828735499 0)
(0.348851646187 0.126434634774 0)
(0.338566167651 0.134920766746 0)
(0.349874538522 0.139494120492 0)
(0.338594614032 0.0887111649501 0)
(0.344867950603 0.104314900533 0)
(0.29047020413 0.0950206912952 0)
(0.294865172439 0.131205840878 0)
(0.288868656785 0.120383715801 0)
(0.353798299411 0.108596866858 0)
(0.295896920879 0.143813449611 0)
(0.309164556707 0.148100315487 0)
(0.277610839446 0.126011608658 0)
(0.358359426578 0.132739416361 0)
(0.299277836464 0.110418715285 0)
(0.276647164084 0.116019867275 0)
(0.285534443889 0.0745664431375 0)
(0.316893706609 0.170722583664 0)
(0.29053126838 0.165776600031 0)
(0.296991482213 0.185659094881 0)
(0.355503373786 0.117045470365 0)
(0.28402469824 0.145418576094 0)
(0.339038896566 0.148447594756 0)
(0.299535765895 0.156677549402 0)
(0.299303229711 0.0233116143665 0)
(0.334807664451 0.0982488378833 0)
(0.32706967368 0.130248636492 0)
(0.317849665871 0.138729816601 0)
(0.28706486102 0.107186523435 0)
(0.369790149775 0.145267095368 0)
(0.354571601741 0.153260203996 0)
(0.365569181543 0.127900719458 0)
(0.326934058667 0.0240654454537 0)
(0.361451976098 0.112074672307 0)
(0.349680387492 0.0885014535291 0)
(0.30113739847 0.168262812226 0)
(0.309699347693 0.0456280306073 0)
(0.32960172113 0.141690409715 0)
(0.276243973016 0.0904073211169 0)
(0.35985949241 0.14116210632 0)
(0.358060120885 0.124712003575 0)
(0.285922032069 0.130004295213 0)
(0.311230464947 0.159698596146 0)
(0.300506734017 0.0632119040451 0)
(0.360285774495 0.104865492008 0)
(0.274065572671 0.0213211136745 0)
(0.335471647963 0.165511378551 0)
(0.288762479394 0.138013805576 0)
(0.344772346632 0.0956545246167 0)
(0.0252784619089 0.227233220765 0.25)
(0.0114310694849 0.182153915974 0.25)
(-0.0314275565973 0.281653627074 0.25)
(-0.0626967095357 0.183414025943 0.25)
(0.041913635788 0.27215575909 0.25)
(-0.0460042499891 0.229121704982 0.25)
(-0.00298215605274 0.144831760722 0.25)
(-0.0173758445836 0.0673242158774 0.25)
(-0.0584236598038 0.130134082095 0.25)
(-0.0467161275123 0.0259117991751 0.25)
(-0.0671591023531 0.0718753249755 0.25)
(0.0106561096976 0.302632114436 0.25)
(-0.0186090451716 0.31796713481 0.25)
(-0.00325197079229 0.164339168273 0.25)
(-0.0209743684411 0.15566755243 0.25)
(-0.0193886365447 0.174971709005 0.25)
(-0.0219690228274 0.134594276949 0.25)
(-0.0395883398447 0.167111777608 0.25)
(-0.0337654735183 0.186042719146 0.25)
(-0.0173243032728 0.193370217914 0.25)
(-0.0309975871683 0.203350951221 0.25)
(-0.0162280212674 0.210835609118 0.25)
(-0.00213898705065 0.201721744636 0.25)
(-0.00177004535543 0.218373453247 0.25)
(-0.0152925799681 0.227815360538 0.25)
(-0.000394195246105 0.234780345466 0.25)
(-0.0137368896675 0.244632758612 0.25)
(0.00132070856619 0.251413609676 0.25)
(-0.0123735724651 0.261539527762 0.25)
(-0.0264065118835 0.254817051038 0.25)
(0.00166116784124 0.269702135338 0.25)
(0.016017508859 0.259855561889 0.25)
(0.0173458181356 0.279696670407 0.25)
(-0.0475313573983 0.196699989592 0.25)
(0.0122168133803 0.209178092985 0.25)
(-0.0138164218883 0.280084112571 0.25)
(-0.0636461320349 0.100635261106 0.25)
(-0.0405549435988 0.0835041791497 0.25)
(-0.037362741004 0.112008583635 0.25)
(-0.0141324627543 0.0935643239458 0.25)
(-0.0576643402527 0.154784896096 0.25)
(0.0164883698221 0.2410140078 0.25)
(-0.0257097583597 0.298626608245 0.25)
(-0.055453697083 0.212633062682 0.25)
(0.0298146443059 0.250724783291 0.25)
(-0.0298446247891 0.220381927153 0.25)
(0.0450464309942 0.291661610958 0.25)
(-0.0386657828572 0.148156326373 0.25)
(-0.0436533788626 0.0556173653583 0.25)
(-0.019788907746 0.0409284835414 0.25)
(-0.0291796341513 0.237386998932 0.25)
(-0.0420743837643 0.248860301832 0.25)
(-0.00142698664777 0.183298449482 0.25)
(-0.0374256245619 0.266285097538 0.25)
(-0.0477623272635 0.180751385742 0.25)
(-0.070324440172 0.0440505095733 0.25)
(0.0124625171387 0.194312967285 0.25)
(0.0119491697161 0.224740623314 0.25)
(-0.00793067982564 0.11668832908 0.25)
(0.0294743444638 0.266582165019 0.25)
(-0.0624998633859 0.19925100083 0.25)
(-0.0236955874585 0.269846484494 0.25)
(-0.0193169267845 0.0185964044538 0.25)
(-0.00883797147173 0.296688073641 0.25)
(0.0278987313542 0.297605631995 0.25)
(-0.0684188613111 0.166365075285 0.25)
(0.023227833301 0.215480514413 0.25)
(0.0318769738941 0.28178547454 0.25)
(-0.00363899813389 0.311808931852 0.25)
(-0.0749274463583 0.0217674958582 0.25)
(-0.039488431542 0.130266101659 0.25)
(0.00147296570578 0.285623331101 0.25)
(0.0396280598762 0.257359697522 0.25)
(0.0314322906449 0.238349910199 0.25)
(-0.0412917017248 0.212775204189 0.25)
(-0.0552297560206 0.170488416424 0.25)
(0.00887154446832 0.171331259423 0.25)
(0.363553890396 0.119939866611 0.25)
(0.354915367779 0.098451930469 0.25)
(0.280134789122 0.136179837501 0.25)
(0.274795907934 0.10480192305 0.25)
(0.28799524004 0.154899593727 0.25)
(0.367534789399 0.136200700203 0.25)
(0.339771538298 0.0738799028288 0.25)
(0.284049233764 0.0486420055363 0.25)
(0.324516594739 0.154574910121 0.25)
(0.291772240036 0.175265079434 0.25)
(0.37074754102 0.156500803674 0.25)
(0.332959356708 0.0477191155893 0.25)
(0.318598220016 0.06641022359 0.25)
(0.324000078273 0.0872094798127 0.25)
(0.304652424721 0.0808128173544 0.25)
(0.308804939821 0.098458121166 0.25)
(0.32277121166 0.103945253687 0.25)
(0.312199919497 0.113178531397 0.25)
(0.324694616747 0.117566102475 0.25)
(0.315060383073 0.126216248618 0.25)
(0.302590494733 0.122466833703 0.25)
(0.334925378773 0.110212052659 0.25)
(0.33664547295 0.122368487973 0.25)
(0.305957927907 0.135107571042 0.25)
(0.345765353657 0.114828735499 0.25)
(0.348851646187 0.126434634774 0.25)
(0.338566167651 0.134920766746 0.25)
(0.349874538522 0.139494120492 0.25)
(0.338594614032 0.0887111649501 0.25)
(0.344867950603 0.104314900533 0.25)
(0.29047020413 0.0950206912952 0.25)
(0.294865172439 0.131205840878 0.25)
(0.288868656785 0.120383715801 0.25)
(0.353798299411 0.108596866858 0.25)
(0.295896920879 0.143813449611 0.25)
(0.309164556707 0.148100315487 0.25)
(0.277610839446 0.126011608658 0.25)
(0.358359426578 0.132739416361 0.25)
(0.299277836464 0.110418715285 0.25)
(0.276647164084 0.116019867275 0.25)
(0.285534443889 0.0745664431375 0.25)
(0.316893706609 0.170722583664 0.25)
(0.29053126838 0.165776600031 0.25)
(0.296991482213 0.185659094881 0.25)
(0.355503373786 0.117045470365 0.25)
(0.28402469824 0.145418576094 0.25)
(0.339038896566 0.148447594756 0.25)
(0.299535765895 0.156677549402 0.25)
(0.299303229711 0.0233116143665 0.25)
(0.334807664451 0.0982488378833 0.25)
(0.32706967368 0.130248636492 0.25)
(0.317849665871 0.138729816601 0.25)
(0.28706486102 0.107186523435 0.25)
(0.369790149775 0.145267095368 0.25)
(0.354571601741 0.153260203996 0.25)
(0.365569181543 0.127900719458 0.25)
(0.326934058667 0.0240654454537 0.25)
(0.361451976098 0.112074672307 0.25)
(0.349680387492 0.0885014535291 0.25)
(0.30113739847 0.168262812226 0.25)
(0.309699347693 0.0456280306073 0.25)
(0.32960172113 0.141690409715 0.25)
(0.276243973016 0.0904073211169 0.25)
(0.35985949241 0.14116210632 0.25)
(0.358060120885 0.124712003575 0.25)
(0.285922032069 0.130004295213 0.25)
(0.311230464947 0.159698596146 0.25)
(0.300506734017 0.0632119040451 0.25)
(0.360285774495 0.104865492008 0.25)
(0.274065572671 0.0213211136745 0.25)
(0.335471647963 0.165511378551 0.25)
(0.288762479394 0.138013805576 0.25)
(0.344772346632 0.0956545246167 0.25)
)


// ************************************************************************* //
